<진법변환 문제>

0	1	0	0	0	1	0	0	(8bit)

	64				4

10진 변환값 :

0	1	0	0	1	1	0	0	(8bit)

	64			8	4			= 76

10진 변환값 :

0	1	1	0	1	1	0	0	(8bit)

	64	32		8	4  			= 108

10진 변환값 :							

1	0	0	0	0	1	0	0	(8bit)

128					4			= 132

10진 변환값 :

1	0	0	0	0	1	1	1	(8bit)

128					4	2	1 	= 135


10진 변환값 :
1	1	0	0	1	1	0	0	(8bit)

128	64			8	4			= 204

10진 변환값 : 
1	0	1	0	1	0	1	0 	(8bit)

128		32		8		2		=170

10진 변환값:
1	1	1	0	0	1	1	1	(8bit)

128	64	32			4	2	1	=231

10진 변환값:
1	1	0	0	1	1	0	1	(8bit)

128	64			8	4		1	= 205

10진 변환값:

0	1	1	0	1	1	0	1	(8bit)

	64	32		8	4		1	=109










